191,
72,
48,
191,
72,
48,
191,
72,
48,
191,
72,
48,
191,
72,
48,
191,
72,
48,
191,
72,
48,
194,
133,
105,
191,
72,
48,
191,
72,
48,
191,
72,
48,
191,
72,
48,
191,
72,
48,
191,
72,
48,
191,
72,
48,
194,
133,
105,
165,
70,
51,
191,
72,
48,
191,
72,
48,
191,
72,
48,
165,
70,
51,
191,
72,
48,
191,
72,
48,
215,
118,
67,
165,
70,
51,
191,
72,
48,
191,
72,
48,
191,
72,
48,
165,
70,
51,
191,
72,
48,
191,
72,
48,
215,
118,
67,
191,
72,
48,
181,
62,
48,
191,
72,
48,
191,
72,
48,
191,
72,
48,
191,
72,
48,
181,
62,
48,
215,
118,
67,
191,
72,
48,
181,
62,
48,
191,
72,
48,
191,
72,
48,
191,
72,
48,
191,
72,
48,
181,
62,
48,
215,
118,
67,
194,
133,
105,
194,
133,
105,
194,
133,
105,
215,
118,
67,
215,
118,
67,
194,
133,
105,
194,
133,
105,
215,
118,
67,
194,
133,
105,
194,
133,
105,
194,
133,
105,
215,
118,
67,
215,
118,
67,
194,
133,
105,
194,
133,
105,
215,
118,
67,
191,
72,
48,
194,
133,
105,
165,
70,
51,
181,
62,
48,
191,
72,
48,
191,
72,
48,
191,
72,
48,
191,
72,
48,
191,
72,
48,
194,
133,
105,
165,
70,
51,
181,
62,
48,
191,
72,
48,
191,
72,
48,
191,
72,
48,
191,
72,
48,
191,
72,
48,
194,
133,
105,
181,
62,
48,
191,
72,
48,
191,
72,
48,
191,
72,
48,
191,
72,
48,
191,
72,
48,
191,
72,
48,
194,
133,
105,
181,
62,
48,
191,
72,
48,
191,
72,
48,
191,
72,
48,
191,
72,
48,
191,
72,
48,
191,
72,
48,
215,
118,
67,
181,
62,
48,
191,
72,
48,
191,
72,
48,
191,
72,
48,
191,
72,
48,
191,
72,
48,
191,
72,
48,
215,
118,
67,
181,
62,
48,
191,
72,
48,
191,
72,
48,
191,
72,
48,
191,
72,
48,
191,
72,
48,
215,
118,
67,
215,
118,
67,
215,
118,
67,
194,
133,
105,
194,
133,
105,
215,
118,
67,
215,
118,
67,
194,
133,
105,
215,
118,
67,
215,
118,
67,
215,
118,
67,
194,
133,
105,
194,
133,
105,
215,
118,
67,
215,
118,
67,
194,
133,
105,
191,
72,
48,
191,
72,
48,
191,
72,
48,
191,
72,
48,
191,
72,
48,
191,
72,
48,
191,
72,
48,
194,
133,
105,
191,
72,
48,
191,
72,
48,
191,
72,
48,
191,
72,
48,
191,
72,
48,
191,
72,
48,
191,
72,
48,
194,
133,
105,
165,
70,
51,
191,
72,
48,
191,
72,
48,
191,
72,
48,
165,
70,
51,
191,
72,
48,
191,
72,
48,
215,
118,
67,
165,
70,
51,
191,
72,
48,
191,
72,
48,
191,
72,
48,
165,
70,
51,
191,
72,
48,
191,
72,
48,
215,
118,
67,
191,
72,
48,
181,
62,
48,
191,
72,
48,
191,
72,
48,
191,
72,
48,
191,
72,
48,
181,
62,
48,
215,
118,
67,
191,
72,
48,
181,
62,
48,
191,
72,
48,
191,
72,
48,
191,
72,
48,
191,
72,
48,
181,
62,
48,
215,
118,
67,
194,
133,
105,
194,
133,
105,
194,
133,
105,
215,
118,
67,
215,
118,
67,
194,
133,
105,
194,
133,
105,
215,
118,
67,
194,
133,
105,
194,
133,
105,
194,
133,
105,
215,
118,
67,
215,
118,
67,
194,
133,
105,
194,
133,
105,
215,
118,
67,
191,
72,
48,
194,
133,
105,
165,
70,
51,
181,
62,
48,
191,
72,
48,
191,
72,
48,
191,
72,
48,
191,
72,
48,
191,
72,
48,
194,
133,
105,
165,
70,
51,
181,
62,
48,
191,
72,
48,
191,
72,
48,
191,
72,
48,
191,
72,
48,
191,
72,
48,
194,
133,
105,
181,
62,
48,
191,
72,
48,
191,
72,
48,
191,
72,
48,
191,
72,
48,
191,
72,
48,
191,
72,
48,
194,
133,
105,
181,
62,
48,
191,
72,
48,
191,
72,
48,
191,
72,
48,
191,
72,
48,
191,
72,
48,
191,
72,
48,
215,
118,
67,
181,
62,
48,
191,
72,
48,
191,
72,
48,
191,
72,
48,
191,
72,
48,
191,
72,
48,
191,
72,
48,
215,
118,
67,
181,
62,
48,
191,
72,
48,
191,
72,
48,
191,
72,
48,
191,
72,
48,
191,
72,
48,
215,
118,
67,
215,
118,
67,
215,
118,
67,
194,
133,
105,
194,
133,
105,
215,
118,
67,
215,
118,
67,
194,
133,
105,
215,
118,
67,
215,
118,
67,
215,
118,
67,
194,
133,
105,
194,
133,
105,
215,
118,
67,
215,
118,
67,
194,
133,
105
