189,
149,
81,
224,
188,
117,
205,
167,
97,
172,
129,
67,
184,
144,
78,
215,
175,
101,
172,
132,
69,
192,
151,
86,
190,
151,
85,
218,
182,
112,
205,
166,
94,
216,
179,
105,
214,
170,
98,
209,
164,
94,
215,
174,
104,
219,
178,
110,
202,
161,
90,
200,
157,
86,
210,
169,
96,
173,
127,
67,
227,
188,
113,
182,
139,
77,
230,
187,
112,
215,
169,
99,
247,
209,
137,
207,
164,
95,
226,
188,
114,
203,
158,
94,
189,
144,
79,
178,
134,
72,
184,
143,
80,
192,
152,
85,
191,
148,
82,
197,
158,
92,
201,
161,
91,
168,
126,
67,
184,
142,
76,
209,
167,
96,
166,
125,
64,
193,
150,
85,
176,
136,
73,
194,
156,
87,
213,
169,
103,
180,
138,
74,
212,
173,
100,
194,
150,
83,
230,
193,
123,
218,
181,
104,
213,
172,
104,
217,
173,
100,
213,
172,
104,
191,
144,
79,
202,
161,
90,
206,
165,
99,
210,
166,
93,
194,
150,
83,
226,
185,
114,
213,
169,
102,
207,
168,
100,
225,
181,
111,
173,
130,
68,
182,
142,
75,
215,
173,
102,
184,
141,
77,
187,
146,
78,
189,
150,
81,
209,
169,
98,
200,
163,
94,
189,
149,
82,
206,
167,
95,
195,
153,
86,
217,
177,
104,
192,
151,
82,
182,
140,
76,
196,
153,
88,
194,
151,
82,
210,
175,
104,
209,
172,
101,
176,
137,
72,
206,
166,
97,
192,
146,
81,
227,
186,
116,
209,
165,
96,
177,
134,
72,
204,
160,
89,
197,
156,
86,
218,
178,
105,
215,
177,
106,
185,
147,
78,
196,
153,
88,
199,
155,
87,
203,
163,
94,
176,
137,
72,
215,
173,
102,
219,
179,
107,
200,
157,
90,
230,
191,
113,
193,
149,
82,
226,
187,
112,
188,
147,
82,
219,
179,
107,
196,
156,
88,
199,
155,
86,
203,
158,
90,
226,
186,
112,
184,
139,
75,
208,
164,
95,
225,
185,
113,
218,
175,
102,
240,
197,
126,
186,
143,
76,
225,
186,
115,
206,
168,
97,
229,
189,
115,
240,
195,
120,
193,
155,
85,
206,
163,
91,
227,
184,
111,
230,
189,
119,
211,
172,
102,
202,
162,
92,
224,
181,
107,
209,
164,
94,
186,
144,
79,
237,
194,
122,
216,
178,
108,
184,
143,
80,
216,
180,
109,
205,
165,
95,
177,
138,
72,
215,
175,
103,
190,
144,
77,
188,
147,
80,
236,
196,
116,
201,
159,
89,
215,
175,
98,
202,
161,
93,
193,
148,
80,
242,
203,
126,
189,
149,
82,
220,
181,
107,
211,
171,
101,
208,
167,
93,
224,
181,
107,
245,
202,
126,
207,
164,
95,
232,
190,
116,
191,
146,
79,
239,
204,
127,
218,
173,
101,
206,
167,
94,
213,
170,
100,
221,
178,
108,
199,
156,
88,
208,
165,
97,
195,
154,
85,
208,
168,
97,
242,
199,
131,
199,
159,
91,
196,
151,
84,
220,
180,
107,
219,
181,
103,
201,
161,
90,
187,
147,
77,
222,
181,
110,
210,
173,
98,
222,
182,
104,
214,
172,
100,
206,
165,
91,
230,
189,
113,
219,
178,
108,
219,
176,
103,
213,
169,
97,
229,
184,
109,
231,
189,
112,
234,
191,
116,
210,
166,
94,
241,
199,
121,
226,
187,
112,
218,
174,
102,
220,
177,
104,
232,
189,
114,
224,
184,
110,
213,
170,
100,
192,
150,
82,
195,
154,
84,
197,
155,
87,
225,
184,
109,
247,
207,
129,
183,
147,
80,
194,
153,
86,
240,
201,
130,
199,
158,
86,
202,
162,
92,
223,
180,
105,
198,
160,
87,
197,
155,
88,
235,
193,
113,
195,
154,
84,
237,
194,
123,
218,
177,
104,
215,
178,
105,
223,
182,
107,
210,
174,
100,
236,
195,
116,
222,
175,
103,
221,
183,
111,
247,
207,
131,
232,
190,
113,
225,
182,
107,
222,
186,
109,
200,
153,
85,
225,
182,
108,
230,
192,
119,
240,
196,
118,
233,
191,
113,
237,
201,
128,
217,
171,
102,
222,
179,
109,
207,
163,
97,
190,
147,
79,
186,
142,
77,
215,
177,
106,
197,
152,
85,
217,
176,
102,
199,
156,
85,
203,
159,
88,
194,
158,
86,
247,
208,
132,
235,
194,
116,
199,
156,
89,
225,
187,
109,
231,
189,
115,
199,
154,
85,
218,
182,
103,
247,
209,
130,
224,
184,
107,
224,
183,
108,
223,
178,
104,
233,
197,
125,
225,
184,
113,
239,
197,
123,
227,
184,
107,
230,
193,
117,
218,
176,
98,
228,
185,
112,
225,
186,
114,
210,
168,
98,
184,
141,
75,
237,
197,
121,
217,
177,
100,
207,
170,
98,
208,
171,
98,
232,
194,
120,
205,
165,
95,
223,
180,
109,
207,
170,
98,
194,
152,
84,
230,
185,
110,
213,
169,
93,
204,
163,
92,
228,
187,
110,
208,
164,
93,
232,
189,
113,
229,
187,
112,
194,
149,
81,
228,
185,
105,
203,
161,
96,
246,
203,
126,
230,
186,
113,
206,
164,
93,
216,
172,
94,
230,
186,
109,
207,
165,
90,
238,
199,
120,
191,
150,
80,
232,
192,
118,
236,
199,
123,
214,
169,
97,
236,
194,
115,
209,
171,
101,
211,
168,
95,
215,
172,
103,
206,
161,
90,
223,
179,
107,
244,
206,
133,
227,
184,
112,
197,
152,
84,
231,
190,
113,
214,
171,
97,
227,
185,
109,
204,
161,
89,
221,
178,
103,
229,
188,
116,
215,
175,
103,
241,
201,
126,
237,
197,
122,
203,
165,
90,
203,
164,
92,
207,
168,
102,
231,
189,
116,
215,
172,
99,
218,
175,
100,
237,
192,
120,
226,
182,
107,
212,
168,
96,
218,
175,
102,
211,
172,
98,
227,
180,
106,
214,
170,
99,
225,
184,
109,
248,
214,
132,
210,
166,
91,
232,
190,
117,
208,
164,
94,
238,
195,
118,
211,
175,
106,
207,
163,
93,
191,
149,
82,
172,
130,
68,
208,
164,
93,
200,
158,
89,
231,
191,
116,
229,
188,
110,
219,
176,
100,
223,
181,
113,
242,
200,
123,
244,
201,
122,
237,
196,
119,
208,
164,
89,
222,
183,
107,
232,
193,
116,
246,
204,
125,
231,
195,
123,
220,
178,
101,
217,
175,
97,
224,
184,
107,
200,
155,
83,
233,
190,
115,
200,
159,
87,
248,
219,
143,
224,
184,
107,
207,
165,
94,
237,
196,
119,
206,
160,
89,
210,
166,
94,
214,
171,
102,
235,
199,
119,
224,
182,
111,
247,
209,
132,
215,
175,
103,
207,
165,
94,
224,
181,
104,
205,
163,
89,
218,
179,
104,
221,
180,
105,
247,
208,
128,
231,
189,
110,
204,
165,
96,
226,
183,
107,
220,
181,
107,
208,
169,
95,
220,
177,
101,
233,
191,
114,
227,
190,
108,
216,
179,
105,
239,
198,
120,
247,
211,
134,
230,
188,
115,
249,
220,
145,
228,
182,
105,
231,
189,
115,
232,
190,
109,
235,
197,
118,
247,
207,
129,
214,
170,
95,
198,
153,
81,
240,
197,
121,
208,
165,
93,
222,
179,
104,
212,
174,
103,
209,
168,
99,
224,
182,
110,
209,
164,
97,
212,
169,
95,
223,
184,
108,
214,
173,
98,
211,
168,
94,
201,
161,
87,
247,
208,
126,
215,
175,
103,
245,
203,
123,
225,
185,
111,
225,
182,
107,
238,
194,
115,
234,
196,
117,
239,
199,
118,
221,
178,
102,
226,
183,
110,
247,
206,
128,
239,
197,
118,
200,
156,
83,
224,
176,
99,
226,
183,
107,
237,
198,
119,
224,
180,
108,
241,
199,
122,
238,
197,
119,
208,
164,
90,
233,
192,
120,
193,
152,
82,
233,
190,
114,
204,
163,
92,
223,
183,
110,
215,
173,
100,
208,
166,
94,
227,
189,
110,
206,
164,
92,
207,
167,
92,
227,
190,
113,
233,
196,
119,
231,
187,
110,
231,
197,
118,
207,
162,
90,
247,
211,
127,
210,
167,
92,
240,
204,
127,
234,
192,
114,
241,
205,
123,
224,
183,
107,
218,
171,
95,
227,
185,
106,
230,
194,
120,
228,
186,
106,
244,
203,
125,
229,
190,
112,
213,
176,
97,
208,
158,
86,
213,
169,
99,
247,
211,
135,
219,
175,
100,
207,
167,
91,
224,
181,
102,
234,
192,
116,
248,
213,
143,
198,
158,
91,
201,
161,
88,
241,
201,
126,
232,
192,
118,
203,
159,
87,
249,
226,
146,
224,
181,
102,
217,
176,
102,
227,
187,
106,
218,
175,
99,
210,
166,
91,
212,
170,
94,
217,
178,
99,
231,
189,
110,
220,
185,
108,
217,
173,
102,
243,
207,
129,
217,
166,
93,
236,
192,
114,
240,
198,
120,
213,
175,
98,
230,
191,
114,
218,
175,
99,
215,
166,
94,
234,
192,
111,
248,
216,
142,
224,
180,
108,
219,
176,
103,
221,
179,
102,
184,
141,
74,
211,
166,
95,
228,
191,
114,
206,
162,
94,
225,
182,
105,
226,
188,
109,
232,
192,
113,
218,
175,
102,
208,
170,
94,
232,
193,
115,
196,
158,
86,
248,
219,
138,
232,
195,
116,
237,
201,
122,
218,
182,
105,
232,
190,
116,
237,
194,
116,
244,
206,
124,
229,
186,
110,
212,
169,
95,
227,
184,
107,
230,
192,
120,
223,
183,
109,
219,
176,
99,
238,
193,
117,
219,
183,
105,
225,
182,
105,
230,
190,
111,
239,
197,
122,
220,
179,
103,
210,
168,
91,
225,
182,
104,
213,
170,
96,
239,
203,
122,
209,
165,
96,
190,
147,
78,
226,
189,
112,
246,
204,
128,
211,
171,
96,
208,
168,
93,
222,
182,
103,
223,
183,
105,
229,
184,
109,
213,
168,
92,
224,
182,
111,
231,
189,
110,
233,
195,
116,
222,
178,
102,
238,
193,
117,
221,
181,
102,
237,
195,
116,
207,
170,
95,
235,
196,
120,
238,
202,
127,
229,
188,
107,
231,
188,
113,
224,
182,
102,
232,
195,
116,
236,
192,
112,
243,
202,
122,
238,
198,
122,
239,
194,
118,
216,
172,
97,
246,
209,
130,
203,
160,
87,
245,
202,
125,
220,
178,
103,
230,
191,
113,
196,
155,
85,
195,
154,
85,
217,
181,
106,
237,
194,
113,
247,
210,
129,
224,
181,
101,
225,
182,
106,
227,
185,
106,
243,
203,
122,
249,
222,
142,
248,
213,
137,
242,
205,
122,
187,
142,
76,
231,
198,
124,
234,
195,
118,
248,
212,
133,
244,
207,
127,
244,
195,
117,
221,
182,
101,
215,
172,
99,
208,
166,
91,
227,
181,
104,
230,
184,
107,
224,
184,
107,
243,
201,
121,
238,
200,
119,
247,
210,
130,
229,
185,
107,
248,
214,
138,
237,
196,
119,
218,
178,
102,
205,
159,
86,
202,
160,
91,
197,
158,
85,
219,
176,
100,
223,
187,
109,
246,
203,
127,
247,
210,
129,
239,
201,
121,
240,
201,
123,
243,
199,
120,
197,
158,
85,
247,
212,
135,
246,
205,
122,
190,
144,
77,
238,
197,
112,
248,
212,
133,
249,
222,
142,
247,
210,
129,
211,
165,
91,
219,
183,
107,
212,
170,
93,
247,
210,
125,
226,
184,
104,
246,
203,
124,
247,
212,
128,
198,
161,
86,
241,
200,
120,
224,
188,
111,
247,
208,
126,
208,
165,
93,
238,
194,
115,
224,
181,
104,
244,
203,
129,
239,
199,
119,
242,
203,
126,
238,
199,
120,
215,
173,
101,
247,
209,
125,
239,
190,
109,
218,
178,
100,
247,
205,
126,
209,
169,
93,
210,
174,
96,
221,
178,
103,
228,
183,
107,
224,
184,
107,
222,
182,
107,
248,
215,
136,
248,
213,
136,
223,
183,
109,
248,
215,
128,
228,
184,
106,
200,
163,
86,
247,
210,
129,
226,
183,
104,
248,
214,
132,
248,
213,
133,
214,
173,
97,
246,
205,
123,
215,
174,
99,
224,
186,
107,
219,
176,
100,
212,
166,
91,
226,
186,
112,
213,
175,
104,
224,
180,
104,
207,
167,
91,
234,
199,
118,
241,
199,
121,
204,
163,
91,
247,
210,
129,
232,
192,
112,
247,
209,
125,
248,
213,
135,
224,
180,
103,
217,
174,
97,
247,
207,
127,
212,
169,
95,
216,
173,
95,
241,
199,
122,
224,
184,
105,
245,
207,
124,
246,
214,
135,
243,
197,
117,
227,
191,
114,
247,
211,
128,
240,
204,
125,
223,
184,
108,
239,
201,
125,
247,
210,
133,
246,
204,
124,
228,
187,
105,
227,
182,
103,
233,
191,
114,
243,
203,
122,
232,
192,
112,
208,
165,
92,
225,
187,
114,
203,
163,
93,
239,
203,
129,
247,
206,
124,
200,
159,
85,
232,
191,
114,
232,
192,
112,
206,
164,
90,
243,
202,
117,
211,
170,
97,
247,
210,
135,
230,
191,
113,
217,
177,
100,
232,
196,
124,
203,
161,
87,
218,
174,
99,
228,
183,
107,
218,
176,
94,
216,
172,
97,
244,
205,
125,
215,
172,
98,
248,
213,
136,
226,
180,
103,
247,
208,
123,
207,
165,
91,
242,
199,
116,
229,
193,
114,
216,
176,
100,
205,
160,
92,
244,
201,
122,
234,
192,
114,
223,
182,
107,
244,
205,
126,
192,
146,
77,
239,
201,
124,
229,
187,
109,
214,
173,
98,
247,
208,
127,
238,
199,
120,
198,
159,
87,
221,
179,
102,
220,
178,
100,
247,
207,
131,
243,
207,
126,
218,
175,
99,
232,
196,
116,
190,
143,
75,
247,
208,
128,
237,
195,
115,
227,
184,
107,
229,
193,
113,
208,
168,
92,
242,
200,
119,
222,
186,
108,
227,
186,
109,
231,
189,
110,
218,
179,
103,
235,
192,
111,
232,
196,
116,
233,
190,
110,
210,
171,
98,
217,
175,
97,
227,
187,
107,
211,
171,
96,
242,
206,
126,
248,
212,
131,
247,
208,
128,
241,
205,
125,
212,
169,
95,
208,
164,
90,
215,
176,
101,
211,
169,
92,
248,
214,
130,
224,
187,
104,
234,
196,
121,
223,
184,
103,
205,
168,
93,
220,
177,
101,
189,
151,
80,
235,
198,
120,
227,
187,
107,
228,
183,
104,
249,
222,
143,
236,
199,
121,
247,
208,
128,
249,
221,
132,
210,
171,
93,
234,
196,
116,
223,
184,
103,
241,
196,
114,
230,
191,
114,
247,
209,
123,
247,
207,
126,
248,
218,
134,
225,
181,
105,
204,
160,
87,
221,
178,
100,
238,
197,
119,
208,
166,
91,
249,
223,
137,
237,
194,
112,
211,
169,
93,
245,
205,
124,
216,
176,
100,
217,
181,
102,
239,
203,
129,
228,
192,
113,
241,
201,
119,
246,
209,
130,
248,
218,
139,
194,
149,
80,
228,
188,
107,
247,
211,
131,
225,
189,
110,
226,
181,
102,
230,
189,
112,
226,
181,
102,
248,
213,
129,
222,
181,
101,
241,
199,
120,
248,
214,
133,
223,
179,
103,
236,
191,
110,
246,
208,
127,
229,
186,
106,
228,
185,
109,
221,
178,
102,
222,
180,
102,
216,
179,
106,
227,
185,
110,
211,
169,
93,
228,
187,
106,
210,
166,
91,
248,
218,
143,
222,
181,
105,
244,
203,
125,
248,
218,
133,
222,
184,
105,
214,
173,
95,
247,
207,
126,
214,
175,
96,
248,
214,
128,
236,
195,
117,
224,
184,
107,
241,
199,
120,
249,
220,
137,
228,
186,
107,
204,
163,
87,
238,
195,
113,
235,
199,
119,
246,
200,
119,
234,
192,
111,
247,
209,
132,
248,
214,
134,
225,
178,
100,
229,
193,
114,
225,
182,
103,
247,
206,
124,
246,
205,
127,
234,
192,
111,
226,
188,
114,
206,
168,
94,
241,
199,
121,
247,
208,
127,
201,
156,
85,
201,
161,
87,
236,
190,
111,
211,
172,
95,
240,
197,
115,
208,
167,
93,
248,
216,
140,
230,
190,
110,
204,
165,
90,
245,
206,
128,
214,
171,
96,
208,
167,
90,
247,
210,
127,
216,
171,
94,
213,
173,
95,
248,
215,
131,
213,
171,
95,
247,
211,
131,
240,
194,
114,
247,
206,
123,
203,
165,
87,
236,
194,
113,
248,
213,
133,
243,
197,
117,
227,
185,
105,
232,
191,
114,
237,
195,
116,
210,
170,
95,
243,
204,
119,
210,
166,
92,
247,
211,
134,
205,
159,
88,
227,
187,
113,
247,
210,
131,
240,
197,
122,
240,
203,
124,
218,
179,
104,
204,
161,
89,
248,
213,
137,
249,
223,
140,
194,
149,
80,
239,
203,
121,
248,
214,
136,
248,
219,
138,
247,
209,
133,
247,
207,
126,
222,
178,
99,
239,
201,
116,
216,
173,
95,
245,
206,
127,
247,
212,
128,
242,
204,
125,
201,
156,
86,
248,
216,
130,
243,
203,
122,
215,
175,
95,
239,
202,
123,
242,
197,
120,
247,
206,
127,
247,
210,
130,
233,
194,
118,
221,
179,
105,
200,
157,
86,
223,
185,
106,
197,
152,
80,
247,
210,
131,
230,
187,
111,
242,
203,
125,
247,
212,
135,
226,
189,
112,
217,
174,
98,
239,
197,
114,
240,
201,
122,
223,
180,
101,
222,
182,
103,
202,
157,
84,
223,
184,
103,
247,
208,
129,
227,
185,
109,
212,
169,
95,
249,
220,
139,
237,
197,
117,
218,
175,
99,
248,
212,
136,
229,
188,
111,
238,
199,
121,
242,
205,
126,
223,
178,
100,
241,
200,
116,
238,
195,
114,
248,
219,
137,
206,
162,
88,
240,
201,
123,
191,
148,
79,
203,
155,
84,
248,
216,
135,
200,
158,
85,
225,
185,
107,
230,
188,
110,
214,
173,
97,
230,
187,
111,
208,
167,
93,
217,
173,
98,
249,
223,
142,
235,
202,
122,
228,
185,
104,
205,
162,
90,
202,
156,
86,
235,
194,
115,
230,
190,
116,
223,
185,
106,
248,
214,
137,
247,
209,
126,
215,
177,
98,
220,
177,
101,
235,
198,
116,
230,
186,
109,
210,
171,
94,
248,
215,
127,
248,
213,
129,
227,
184,
107,
220,
177,
101,
240,
198,
116,
204,
160,
89,
227,
189,
110,
219,
181,
104,
221,
179,
101,
247,
208,
129,
216,
172,
97,
234,
197,
119,
223,
182,
106,
204,
166,
89,
206,
164,
90,
213,
167,
92,
222,
180,
103,
246,
208,
127,
230,
192,
112,
219,
185,
105,
195,
156,
85,
233,
195,
116,
247,
206,
129,
206,
164,
90,
217,
177,
101,
204,
161,
88,
237,
199,
116,
248,
214,
134,
209,
172,
93,
216,
171,
95,
215,
179,
103,
234,
193,
115,
238,
197,
120,
214,
175,
96,
236,
194,
113,
244,
201,
123,
216,
176,
99,
206,
167,
94,
247,
211,
132,
208,
167,
94,
216,
175,
102,
246,
210,
137,
223,
186,
112,
206,
166,
91,
216,
175,
101,
210,
169,
96,
239,
203,
122,
186,
144,
76,
196,
156,
84,
232,
194,
115,
198,
156,
84,
208,
164,
89,
201,
163,
89,
227,
185,
109,
221,
185,
105,
205,
162,
87,
247,
211,
131,
221,
180,
103,
218,
182,
104,
244,
208,
130,
202,
157,
85,
245,
204,
120,
215,
173,
101,
232,
188,
112,
233,
194,
117,
218,
174,
99,
244,
205,
120,
248,
215,
139,
229,
188,
110,
205,
161,
88,
247,
208,
130,
208,
164,
95
