178,
178,
178,
180,
180,
180,
180,
180,
180,
180,
180,
180,
180,
180,
180,
179,
179,
179,
180,
180,
180,
187,
187,
187,
183,
183,
183,
181,
181,
181,
122,
122,
120,
187,
187,
185,
194,
194,
194,
191,
191,
191,
193,
193,
193,
193,
193,
193,
194,
194,
194,
193,
193,
193,
193,
193,
193,
192,
192,
192,
180,
180,
178,
154,
154,
153,
181,
181,
181,
181,
181,
181,
180,
180,
180,
177,
177,
177,
180,
180,
180,
180,
180,
180,
180,
180,
180,
180,
180,
180,
182,
182,
182,
187,
187,
187,
179,
179,
179,
202,
202,
202,
190,
190,
190,
199,
199,
199,
202,
202,
202,
192,
192,
192,
196,
196,
196,
201,
201,
201,
195,
195,
195,
199,
199,
199,
148,
148,
148,
182,
182,
182,
195,
195,
195,
193,
193,
193,
200,
200,
200,
199,
199,
199,
205,
205,
205,
194,
194,
194,
195,
195,
194,
187,
187,
186,
188,
188,
187,
128,
128,
128,
204,
204,
204,
195,
195,
195,
201,
201,
201,
200,
200,
200,
195,
195,
195,
203,
203,
203,
201,
201,
201,
192,
192,
192,
204,
204,
204,
190,
190,
190,
182,
182,
182,
202,
202,
202,
192,
192,
192,
199,
199,
199,
205,
205,
205,
197,
197,
197,
200,
200,
200,
199,
199,
199,
192,
192,
192,
198,
198,
198,
136,
136,
136,
186,
186,
186,
195,
195,
195,
199,
199,
199,
196,
196,
196,
205,
205,
205,
196,
196,
196,
202,
202,
202,
190,
190,
190,
196,
196,
196,
194,
194,
194,
125,
125,
125,
201,
201,
201,
194,
194,
194,
200,
200,
200,
202,
202,
202,
199,
199,
199,
202,
202,
202,
199,
199,
199,
194,
194,
194,
203,
203,
203,
184,
184,
184,
183,
183,
183,
197,
197,
197,
196,
196,
196,
193,
193,
193,
200,
200,
200,
196,
196,
196,
198,
198,
198,
197,
197,
197,
189,
189,
189,
193,
193,
193,
159,
159,
159,
188,
188,
188,
201,
201,
201,
197,
197,
197,
203,
203,
203,
197,
197,
197,
202,
202,
202,
201,
201,
201,
197,
197,
197,
197,
197,
197,
188,
188,
188,
133,
133,
133,
195,
195,
195,
189,
189,
189,
198,
198,
198,
197,
197,
197,
198,
198,
198,
199,
199,
199,
196,
196,
196,
199,
199,
199,
198,
198,
198,
185,
185,
185,
183,
183,
183,
199,
199,
199,
194,
194,
194,
203,
203,
203,
201,
201,
201,
197,
197,
197,
194,
194,
194,
194,
194,
194,
196,
196,
196,
185,
185,
185,
153,
153,
153,
189,
189,
189,
197,
197,
197,
200,
200,
200,
202,
202,
202,
203,
203,
203,
197,
197,
197,
202,
202,
202,
194,
194,
194,
195,
195,
195,
199,
199,
199,
177,
177,
177,
181,
181,
181,
194,
194,
194,
195,
195,
195,
197,
197,
197,
195,
195,
195,
202,
202,
202,
200,
200,
200,
191,
191,
191,
202,
202,
202,
182,
182,
182,
186,
186,
186,
199,
199,
199,
196,
196,
196,
198,
198,
198,
197,
197,
197,
194,
194,
194,
193,
193,
193,
199,
199,
199,
194,
194,
194,
187,
187,
187,
168,
168,
168,
202,
202,
202,
196,
196,
196,
196,
196,
196,
204,
204,
204,
201,
201,
201,
198,
198,
198,
199,
199,
199,
202,
202,
202,
201,
201,
201,
196,
196,
196,
143,
143,
143,
197,
197,
197,
196,
196,
196,
200,
200,
200,
192,
192,
192,
194,
194,
194,
197,
197,
197,
200,
200,
200,
196,
196,
196,
198,
198,
198,
187,
187,
187,
184,
184,
184,
197,
197,
197,
203,
203,
203,
200,
200,
200,
197,
197,
197,
192,
192,
192,
193,
193,
193,
194,
194,
194,
194,
194,
194,
195,
195,
195,
162,
162,
162,
190,
190,
190,
197,
197,
197,
200,
200,
200,
202,
202,
202,
197,
197,
197,
202,
202,
202,
202,
202,
202,
202,
202,
202,
200,
200,
200,
195,
195,
195,
134,
134,
134,
202,
202,
202,
199,
199,
199,
198,
198,
198,
196,
196,
196,
192,
192,
192,
200,
200,
200,
203,
203,
203,
202,
202,
202,
196,
196,
196,
187,
187,
187,
179,
179,
179,
201,
201,
201,
197,
197,
197,
202,
202,
202,
193,
193,
193,
193,
193,
193,
195,
195,
195,
195,
195,
195,
197,
197,
197,
188,
188,
188,
159,
159,
159,
196,
196,
196,
197,
197,
197,
199,
199,
199,
204,
204,
204,
201,
201,
201,
199,
199,
199,
196,
196,
196,
200,
200,
200,
204,
204,
204,
190,
190,
190,
132,
132,
132,
200,
200,
200,
200,
200,
200,
198,
198,
198,
196,
196,
196,
194,
194,
194,
194,
194,
194,
200,
200,
200,
191,
191,
191,
199,
199,
199,
184,
184,
184,
182,
182,
182,
197,
197,
197,
202,
202,
202,
194,
194,
194,
194,
194,
194,
195,
195,
195,
195,
195,
195,
189,
189,
189,
184,
184,
184,
187,
187,
187,
153,
153,
153,
189,
189,
189,
200,
200,
200,
198,
198,
198,
205,
205,
205,
198,
198,
198,
197,
197,
197,
196,
196,
196,
206,
206,
206,
195,
195,
195,
190,
190,
190,
135,
135,
135,
200,
200,
200,
196,
196,
196,
195,
195,
195,
199,
199,
199,
202,
202,
202,
191,
191,
191,
191,
191,
191,
199,
199,
199,
200,
200,
200,
181,
181,
181,
187,
187,
187,
193,
193,
193,
203,
203,
203,
199,
199,
199,
192,
192,
192,
192,
192,
192,
194,
194,
194,
187,
187,
187,
179,
179,
179,
175,
175,
175,
167,
167,
166,
197,
197,
197,
201,
201,
201,
197,
197,
197,
199,
199,
199,
205,
204,
204,
197,
197,
197,
203,
203,
203,
195,
195,
195,
189,
189,
189,
193,
193,
193,
164,
164,
164,
193,
193,
193,
199,
199,
199,
191,
191,
191,
197,
197,
197,
191,
191,
191,
187,
187,
187,
195,
195,
195,
194,
194,
194,
187,
187,
187,
184,
184,
184,
156,
156,
156,
133,
133,
133,
151,
151,
151,
174,
174,
174,
180,
180,
180,
176,
176,
176,
168,
168,
168,
157,
157,
157,
166,
166,
166,
144,
144,
143,
180,
180,
179,
163,
162,
160,
167,
167,
165,
187,
186,
185,
190,
190,
189,
169,
169,
168,
202,
202,
201,
174,
174,
173,
160,
160,
159,
150,
150,
149,
163,
162,
160,
171,
171,
171,
159,
159,
158,
135,
135,
135,
125,
125,
125,
136,
136,
136,
154,
154,
154,
162,
162,
162,
160,
160,
160,
148,
148,
148,
129,
129,
129,
123,
123,
121,
177,
177,
177,
189,
189,
189,
195,
195,
195,
187,
187,
187,
187,
187,
187,
190,
190,
190,
187,
187,
187,
198,
198,
198,
192,
192,
192,
181,
181,
180,
174,
173,
171,
225,
224,
223,
228,
228,
227,
237,
237,
235,
240,
240,
239,
228,
228,
227,
221,
221,
220,
208,
208,
206,
219,
218,
217,
224,
224,
222,
215,
215,
214,
174,
174,
173,
188,
188,
188,
190,
190,
190,
197,
197,
197,
196,
196,
195,
201,
201,
201,
198,
198,
198,
202,
202,
202,
200,
200,
200,
194,
194,
194,
185,
185,
183,
184,
184,
184,
195,
195,
195,
191,
191,
191,
190,
190,
190,
191,
191,
191,
192,
192,
192,
201,
201,
201,
199,
199,
199,
191,
191,
191,
184,
184,
184,
170,
170,
169,
235,
234,
233,
246,
246,
245,
252,
252,
252,
251,
251,
251,
249,
249,
249,
246,
246,
246,
238,
238,
238,
239,
239,
239,
241,
241,
241,
227,
227,
226,
142,
142,
141,
184,
184,
184,
188,
188,
188,
198,
198,
198,
201,
201,
201,
202,
202,
202,
201,
201,
201,
201,
201,
201,
193,
193,
193,
198,
198,
198,
184,
184,
184,
183,
183,
183,
194,
194,
194,
192,
192,
192,
194,
194,
194,
195,
195,
195,
198,
198,
198,
200,
200,
200,
202,
202,
202,
196,
196,
196,
201,
201,
201,
132,
131,
130,
228,
227,
226,
253,
253,
253,
252,
252,
252,
249,
249,
249,
247,
247,
247,
247,
247,
247,
247,
247,
247,
249,
249,
249,
247,
247,
247,
234,
234,
233,
133,
133,
131,
204,
204,
203,
201,
201,
200,
200,
200,
200,
201,
201,
201,
200,
200,
200,
203,
203,
203,
197,
197,
197,
196,
196,
196,
195,
195,
195,
184,
184,
184,
184,
184,
184,
186,
186,
186,
195,
195,
195,
195,
195,
195,
195,
195,
195,
201,
201,
201,
198,
198,
198,
200,
200,
200,
195,
195,
195,
201,
201,
201,
136,
135,
134,
245,
244,
243,
253,
252,
252,
249,
249,
249,
247,
247,
247,
247,
247,
247,
247,
247,
247,
246,
246,
246,
250,
250,
250,
253,
253,
253,
229,
229,
229,
196,
196,
195,
204,
204,
204,
198,
198,
198,
201,
201,
201,
198,
198,
198,
208,
208,
208,
194,
194,
194,
195,
195,
195,
198,
198,
198,
188,
188,
188,
185,
185,
185,
180,
180,
180,
191,
191,
191,
196,
196,
196,
192,
192,
192,
195,
195,
195,
200,
200,
200,
203,
203,
203,
200,
200,
200,
199,
199,
199,
205,
205,
205,
162,
162,
161,
243,
243,
243,
247,
247,
247,
249,
249,
249,
248,
248,
248,
247,
247,
247,
246,
246,
246,
247,
247,
247,
247,
247,
247,
251,
251,
251,
237,
237,
237,
185,
185,
184,
203,
203,
203,
200,
200,
200,
200,
200,
200,
204,
204,
204,
200,
200,
200,
192,
192,
192,
192,
192,
192,
194,
194,
194,
195,
195,
195,
187,
187,
187,
182,
182,
182,
191,
191,
191,
197,
197,
197,
200,
200,
200,
199,
199,
199,
201,
201,
201,
200,
200,
200,
202,
202,
202,
202,
202,
202,
202,
202,
202,
189,
188,
188,
241,
241,
241,
247,
247,
247,
248,
248,
248,
247,
247,
247,
247,
247,
247,
246,
246,
246,
246,
246,
246,
248,
248,
248,
250,
250,
250,
242,
242,
241,
180,
180,
180,
204,
204,
203,
206,
206,
206,
202,
202,
202,
196,
196,
196,
200,
200,
200,
201,
201,
201,
200,
200,
200,
196,
196,
196,
195,
195,
195,
183,
183,
183,
183,
183,
183,
201,
201,
201,
200,
200,
200,
193,
193,
193,
195,
195,
195,
202,
202,
202,
197,
197,
197,
198,
198,
198,
198,
198,
198,
199,
199,
199,
205,
204,
204,
235,
235,
235,
244,
244,
244,
245,
245,
245,
245,
245,
245,
246,
246,
246,
244,
244,
244,
245,
245,
245,
247,
247,
247,
245,
245,
245,
232,
232,
231,
182,
182,
181,
202,
202,
202,
202,
202,
202,
197,
197,
197,
192,
192,
192,
197,
197,
197,
194,
194,
194,
194,
194,
194,
200,
200,
200,
202,
202,
202,
184,
184,
184,
182,
182,
182,
196,
196,
196,
202,
202,
202,
196,
196,
196,
199,
199,
199,
198,
198,
198,
198,
198,
198,
200,
200,
200,
195,
195,
195,
200,
200,
200,
196,
195,
195,
229,
229,
229,
240,
240,
240,
242,
242,
242,
243,
243,
243,
244,
244,
244,
243,
243,
243,
244,
244,
244,
245,
245,
245,
247,
247,
246,
232,
232,
231,
182,
182,
180,
199,
199,
199,
194,
194,
194,
200,
200,
200,
198,
198,
198,
194,
194,
194,
198,
198,
198,
197,
197,
197,
203,
203,
203,
196,
196,
196,
183,
183,
183,
182,
182,
182,
202,
202,
202,
200,
200,
200,
195,
195,
195,
200,
200,
200,
199,
199,
199,
198,
198,
198,
199,
199,
199,
200,
200,
200,
200,
200,
200,
182,
182,
181,
215,
214,
214,
233,
233,
233,
236,
236,
236,
240,
240,
240,
240,
240,
240,
241,
241,
241,
240,
239,
239,
242,
242,
242,
242,
242,
241,
231,
231,
230,
164,
164,
163,
194,
194,
194,
201,
201,
201,
201,
201,
201,
196,
196,
196,
193,
193,
193,
201,
201,
201,
194,
194,
194,
195,
195,
195,
201,
201,
201,
181,
181,
181,
183,
183,
183,
203,
203,
203,
189,
189,
189,
197,
197,
197,
200,
200,
200,
191,
191,
191,
183,
183,
183,
188,
188,
188,
185,
185,
185,
183,
183,
183,
152,
152,
151,
227,
226,
225,
232,
232,
231,
236,
236,
235,
236,
236,
236,
228,
228,
228,
233,
232,
232,
233,
233,
233,
249,
249,
249,
246,
246,
246,
231,
231,
230,
169,
169,
167,
186,
186,
186,
192,
192,
192,
197,
197,
197,
189,
189,
189,
189,
189,
189,
191,
191,
191,
196,
196,
196,
182,
182,
182,
203,
203,
203,
183,
183,
183,
121,
121,
119,
122,
122,
122,
129,
129,
129,
137,
137,
137,
150,
150,
150,
150,
150,
150,
138,
138,
138,
138,
138,
138,
130,
130,
130,
133,
133,
133,
139,
139,
137,
174,
173,
172,
193,
192,
192,
187,
187,
186,
179,
178,
177,
168,
168,
166,
152,
152,
151,
177,
176,
175,
192,
192,
191,
196,
196,
195,
165,
165,
164,
153,
152,
151,
148,
148,
148,
130,
130,
130,
155,
155,
155,
179,
179,
179,
175,
175,
175,
156,
156,
156,
133,
133,
133,
145,
145,
145,
136,
136,
136,
113,
113,
111,
181,
181,
181,
195,
195,
195,
199,
199,
199,
189,
189,
189,
200,
200,
200,
199,
199,
199,
201,
201,
201,
201,
201,
201,
195,
195,
195,
180,
180,
180,
162,
162,
162,
202,
202,
201,
202,
202,
202,
197,
197,
197,
199,
199,
199,
191,
191,
191,
200,
200,
200,
196,
196,
196,
197,
197,
196,
198,
198,
198,
194,
194,
194,
158,
158,
158,
182,
182,
182,
199,
199,
199,
201,
201,
201,
185,
185,
185,
184,
184,
184,
189,
189,
189,
191,
191,
191,
181,
181,
181,
204,
204,
204,
183,
183,
183,
181,
181,
181,
199,
199,
199,
203,
203,
203,
195,
195,
195,
199,
199,
199,
201,
201,
201,
201,
201,
201,
196,
196,
196,
193,
193,
193,
199,
199,
199,
149,
149,
149,
199,
199,
199,
194,
194,
194,
198,
198,
198,
198,
198,
198,
200,
200,
200,
195,
195,
195,
196,
196,
196,
198,
198,
198,
194,
194,
194,
188,
188,
188,
173,
173,
173,
192,
192,
192,
193,
193,
193,
195,
195,
195,
193,
193,
193,
197,
197,
197,
199,
199,
199,
195,
195,
195,
201,
201,
201,
200,
200,
200,
183,
183,
183,
183,
183,
183,
205,
205,
205,
193,
193,
193,
194,
194,
194,
189,
189,
189,
191,
191,
191,
194,
194,
194,
198,
198,
198,
201,
201,
201,
197,
196,
196,
146,
146,
146,
194,
194,
194,
193,
193,
193,
188,
188,
188,
195,
195,
195,
199,
199,
199,
193,
193,
193,
192,
192,
192,
195,
195,
195,
201,
201,
201,
201,
201,
201,
169,
169,
169,
194,
194,
194,
198,
198,
198,
192,
192,
192,
194,
194,
194,
191,
191,
191,
191,
191,
191,
195,
195,
195,
196,
196,
196,
200,
200,
200,
190,
190,
190,
181,
181,
181,
201,
201,
201,
200,
200,
200,
204,
204,
204,
202,
202,
202,
194,
194,
194,
198,
198,
198,
204,
204,
204,
202,
202,
202,
187,
187,
187,
164,
164,
164,
186,
186,
186,
193,
193,
193,
196,
196,
196,
196,
196,
196,
199,
199,
199,
198,
198,
198,
196,
196,
196,
202,
202,
202,
204,
204,
204,
199,
199,
199,
146,
146,
146,
192,
192,
192,
197,
197,
197,
198,
198,
198,
198,
198,
198,
194,
194,
194,
201,
201,
201,
201,
201,
201,
197,
197,
197,
197,
197,
197,
187,
187,
187,
179,
179,
179,
196,
196,
196,
198,
198,
198,
191,
191,
191,
189,
189,
189,
200,
200,
200,
194,
194,
194,
197,
197,
197,
195,
195,
195,
187,
187,
187,
169,
169,
169,
199,
199,
199,
197,
197,
197,
201,
201,
201,
201,
201,
201,
199,
199,
199,
201,
201,
201,
201,
201,
201,
204,
204,
204,
194,
194,
194,
199,
199,
199,
166,
166,
166,
192,
192,
192,
193,
193,
193,
199,
199,
199,
193,
193,
193,
202,
202,
202,
192,
192,
191,
193,
193,
193,
197,
197,
197,
195,
195,
195,
184,
184,
184,
183,
183,
183,
194,
194,
194,
195,
195,
195,
200,
200,
200,
190,
190,
190,
195,
195,
195,
196,
196,
196,
198,
198,
198,
190,
190,
190,
187,
187,
187,
157,
157,
157,
195,
195,
195,
195,
195,
195,
196,
196,
196,
199,
199,
199,
198,
198,
198,
203,
203,
203,
200,
200,
200,
196,
196,
196,
192,
192,
192,
187,
187,
187,
175,
175,
175,
186,
186,
186,
190,
190,
190,
196,
196,
196,
195,
195,
195,
194,
194,
194,
192,
192,
192,
197,
197,
197,
195,
195,
195,
195,
195,
195,
185,
185,
185,
183,
183,
183,
204,
204,
204,
197,
197,
197,
201,
201,
201,
203,
203,
203,
198,
198,
198,
203,
203,
203,
203,
203,
203,
195,
195,
195,
192,
192,
192,
137,
137,
137,
194,
194,
194,
200,
200,
200,
201,
201,
201,
201,
201,
201,
195,
195,
195,
196,
196,
196,
199,
199,
199,
196,
196,
196,
192,
192,
192,
185,
185,
185,
170,
170,
170,
183,
183,
183,
187,
187,
187,
191,
191,
191,
196,
196,
196,
198,
198,
198,
200,
200,
200,
200,
200,
200,
196,
196,
196,
205,
205,
205,
182,
182,
182,
182,
182,
182,
190,
190,
190,
193,
193,
193,
189,
189,
189,
191,
191,
191,
198,
198,
198,
202,
202,
202,
198,
198,
198,
199,
199,
199,
198,
198,
198,
132,
132,
132,
191,
191,
191,
187,
187,
187,
189,
189,
189,
196,
196,
196,
197,
197,
197,
193,
193,
193,
197,
197,
197,
197,
197,
197,
195,
195,
195,
195,
195,
195,
166,
166,
166,
184,
184,
184,
190,
190,
190,
195,
195,
195,
201,
201,
201,
199,
199,
199,
192,
192,
192,
189,
189,
189,
197,
197,
197,
189,
189,
189,
182,
182,
182,
182,
182,
182,
202,
202,
202,
197,
197,
197,
204,
204,
204,
194,
194,
194,
207,
207,
207,
200,
200,
200,
200,
200,
200,
195,
195,
195,
197,
197,
197,
158,
158,
158,
184,
184,
184,
198,
198,
198,
193,
193,
193,
195,
195,
195,
204,
204,
204,
191,
191,
191,
203,
203,
203,
201,
201,
201,
193,
193,
193,
189,
189,
189,
162,
162,
162,
192,
192,
192,
195,
195,
195,
201,
201,
201,
201,
201,
201,
205,
205,
205,
192,
192,
192,
204,
204,
204,
195,
195,
195,
202,
202,
202,
182,
182,
182,
183,
183,
183,
191,
191,
191,
206,
206,
206,
198,
198,
198,
202,
202,
202,
198,
198,
198,
190,
190,
190,
183,
183,
183,
179,
179,
179,
186,
186,
186,
149,
149,
147,
203,
203,
202,
198,
198,
198,
200,
200,
200,
196,
196,
196,
191,
191,
191,
195,
195,
195,
196,
196,
196,
188,
188,
188,
191,
191,
191,
184,
184,
183,
137,
136,
135,
200,
200,
200,
186,
186,
186,
195,
195,
195,
200,
200,
200,
198,
198,
198,
202,
202,
202,
197,
197,
197,
207,
207,
207,
191,
191,
191,
184,
184,
184
