38,
23,
16,
36,
23,
15,
34,
21,
13,
30,
19,
13,
30,
19,
13,
32,
21,
15,
32,
19,
13,
33,
20,
14,
31,
20,
14,
31,
20,
14,
32,
21,
15,
31,
20,
14,
37,
22,
15,
33,
20,
12,
32,
18,
9,
36,
22,
13,
48,
30,
20,
62,
43,
29,
69,
47,
33,
84,
58,
41,
95,
64,
46,
99,
68,
48,
114,
78,
54,
123,
86,
59,
142,
101,
71,
153,
112,
82,
162,
123,
90,
169,
133,
101,
170,
139,
110,
164,
138,
113,
155,
131,
107,
140,
118,
95,
35,
22,
14,
34,
21,
13,
33,
20,
12,
32,
19,
13,
31,
20,
14,
33,
20,
14,
33,
20,
12,
35,
18,
11,
33,
20,
14,
33,
20,
12,
37,
22,
15,
37,
20,
12,
44,
26,
14,
38,
24,
13,
31,
19,
7,
34,
19,
14,
34,
20,
11,
39,
24,
17,
63,
40,
24,
119,
78,
56,
84,
56,
34,
112,
76,
52,
124,
84,
58,
138,
99,
70,
158,
113,
80,
168,
128,
93,
176,
138,
102,
179,
146,
115,
180,
150,
122,
173,
145,
121,
161,
135,
112,
149,
124,
102,
29,
18,
12,
30,
19,
13,
31,
20,
14,
31,
20,
14,
33,
20,
14,
33,
20,
12,
34,
19,
12,
35,
20,
13,
32,
17,
10,
35,
22,
13,
36,
22,
13,
35,
21,
12,
61,
33,
22,
50,
32,
20,
51,
33,
21,
49,
29,
18,
52,
32,
21,
45,
28,
18,
60,
42,
28,
79,
47,
32,
184,
138,
102,
117,
77,
52,
139,
98,
66,
156,
113,
81,
171,
128,
94,
182,
142,
106,
190,
156,
121,
194,
160,
132,
188,
158,
130,
177,
149,
125,
166,
140,
117,
155,
131,
107,
30,
19,
13,
30,
19,
13,
31,
20,
14,
32,
19,
11,
35,
20,
13,
35,
20,
13,
33,
18,
11,
36,
21,
14,
38,
23,
16,
41,
24,
14,
27,
14,
6,
139,
86,
70,
165,
96,
63,
161,
94,
65,
152,
85,
56,
121,
64,
44,
93,
47,
32,
74,
42,
27,
63,
39,
27,
89,
58,
37,
177,
133,
96,
205,
176,
144,
153,
110,
78,
169,
124,
91,
182,
139,
105,
194,
156,
120,
201,
168,
133,
203,
169,
141,
192,
162,
134,
183,
153,
127,
171,
145,
120,
160,
134,
111,
33,
20,
14,
33,
20,
12,
34,
19,
12,
34,
19,
12,
35,
20,
13,
36,
21,
14,
34,
21,
13,
35,
22,
14,
34,
17,
9,
34,
15,
8,
36,
12,
0,
158,
82,
58,
163,
91,
66,
160,
91,
62,
163,
94,
65,
139,
73,
49,
125,
70,
50,
101,
60,
42,
68,
41,
30,
93,
57,
41,
243,
219,
191,
211,
172,
133,
162,
119,
85,
177,
135,
97,
189,
151,
115,
200,
164,
130,
210,
177,
144,
204,
175,
145,
196,
166,
138,
187,
157,
131,
175,
147,
123,
165,
139,
116,
34,
19,
12,
36,
19,
12,
33,
20,
12,
34,
19,
12,
35,
20,
13,
36,
21,
14,
36,
22,
13,
37,
23,
14,
44,
26,
16,
32,
13,
7,
122,
69,
51,
176,
103,
70,
180,
107,
74,
171,
100,
68,
175,
109,
75,
149,
84,
54,
141,
79,
56,
118,
66,
45,
86,
53,
38,
75,
47,
33,
230,
208,
184,
148,
101,
71,
210,
185,
154,
181,
138,
103,
192,
156,
120,
206,
172,
137,
213,
180,
147,
206,
175,
146,
199,
169,
141,
189,
159,
131,
180,
152,
128,
167,
141,
118,
33,
18,
11,
30,
20,
11,
33,
20,
12,
35,
20,
13,
34,
19,
12,
35,
20,
13,
37,
22,
15,
33,
19,
8,
42,
24,
14,
32,
14,
4,
162,
94,
71,
185,
117,
82,
192,
126,
91,
180,
111,
78,
178,
110,
75,
167,
101,
69,
147,
83,
56,
126,
72,
48,
95,
56,
39,
74,
46,
32,
215,
187,
165,
151,
108,
73,
252,
232,
208,
180,
144,
108,
195,
159,
123,
211,
176,
144,
216,
181,
151,
212,
179,
148,
203,
172,
143,
193,
163,
135,
185,
155,
129,
172,
146,
121,
33,
18,
11,
33,
18,
11,
33,
20,
12,
33,
20,
12,
35,
22,
14,
37,
24,
16,
35,
22,
14,
48,
30,
20,
47,
27,
18,
61,
34,
27,
151,
85,
59,
190,
126,
90,
187,
123,
87,
180,
111,
78,
172,
106,
72,
161,
95,
63,
147,
86,
58,
133,
78,
57,
95,
58,
40,
81,
52,
36,
102,
72,
48,
201,
161,
126,
239,
205,
177,
186,
148,
111,
202,
166,
130,
212,
179,
148,
215,
182,
151,
213,
180,
149,
207,
173,
145,
198,
167,
138,
189,
159,
133,
177,
149,
125,
31,
18,
12,
29,
19,
10,
30,
19,
13,
32,
19,
13,
35,
22,
14,
37,
24,
16,
37,
22,
15,
48,
30,
20,
41,
27,
18,
123,
72,
53,
154,
89,
61,
187,
123,
88,
190,
124,
89,
184,
115,
82,
163,
97,
65,
174,
108,
74,
159,
96,
65,
127,
71,
48,
92,
59,
44,
79,
53,
40,
99,
67,
46,
236,
208,
184,
248,
222,
199,
189,
150,
117,
204,
171,
136,
216,
181,
151,
215,
182,
151,
213,
180,
149,
210,
176,
148,
201,
170,
141,
192,
162,
134,
181,
154,
127,
28,
17,
11,
28,
17,
11,
30,
19,
13,
32,
19,
11,
34,
19,
12,
35,
22,
14,
36,
23,
17,
47,
29,
19,
39,
22,
12,
145,
81,
56,
167,
101,
69,
189,
125,
89,
195,
132,
97,
200,
134,
100,
169,
103,
69,
167,
101,
67,
169,
105,
70,
130,
72,
50,
97,
56,
38,
78,
49,
33,
159,
125,
98,
238,
212,
189,
249,
238,
220,
190,
156,
119,
208,
174,
139,
215,
182,
151,
215,
182,
151,
215,
182,
151,
212,
179,
148,
202,
171,
142,
196,
166,
138,
185,
155,
129,
28,
17,
11,
30,
17,
9,
31,
16,
9,
32,
19,
10,
34,
19,
12,
34,
21,
13,
34,
23,
17,
36,
22,
13,
36,
19,
9,
138,
78,
54,
144,
84,
58,
84,
43,
25,
130,
80,
55,
196,
137,
105,
168,
104,
68,
149,
86,
53,
167,
102,
70,
123,
75,
55,
80,
51,
37,
76,
50,
33,
185,
148,
122,
254,
251,
236,
252,
241,
219,
191,
157,
120,
208,
175,
142,
215,
182,
151,
215,
182,
151,
215,
182,
151,
213,
180,
149,
206,
175,
146,
200,
169,
141,
188,
158,
132,
26,
17,
8,
26,
17,
10,
26,
17,
10,
30,
17,
9,
29,
19,
10,
36,
21,
14,
38,
23,
16,
30,
16,
7,
30,
17,
11,
138,
75,
57,
156,
97,
65,
194,
134,
98,
186,
123,
92,
132,
80,
59,
151,
91,
57,
147,
86,
65,
78,
46,
33,
78,
50,
38,
148,
102,
78,
118,
77,
59,
118,
81,
55,
251,
253,
240,
214,
180,
145,
191,
157,
122,
208,
175,
144,
215,
182,
151,
215,
182,
151,
215,
182,
151,
214,
181,
150,
210,
177,
146,
204,
173,
144,
193,
163,
135,
24,
13,
9,
26,
15,
9,
31,
16,
9,
30,
17,
9,
32,
19,
13,
36,
22,
13,
41,
24,
14,
40,
26,
17,
35,
16,
12,
145,
80,
52,
144,
80,
53,
132,
76,
59,
92,
53,
36,
140,
76,
51,
181,
117,
81,
159,
92,
65,
51,
31,
24,
85,
51,
39,
119,
74,
51,
93,
60,
45,
84,
56,
42,
255,
244,
228,
229,
186,
154,
193,
154,
121,
207,
174,
143,
215,
181,
153,
215,
182,
151,
215,
182,
151,
216,
183,
152,
212,
179,
148,
205,
174,
145,
196,
166,
138,
23,
12,
8,
24,
13,
7,
29,
16,
10,
30,
17,
9,
31,
18,
12,
36,
21,
14,
40,
26,
15,
19,
12,
6,
30,
15,
8,
152,
88,
61,
180,
114,
80,
204,
144,
108,
204,
140,
105,
161,
96,
64,
192,
127,
89,
157,
87,
61,
55,
31,
27,
71,
44,
33,
119,
72,
52,
108,
66,
50,
100,
64,
50,
246,
228,
206,
230,
187,
152,
192,
151,
119,
206,
173,
142,
215,
182,
151,
215,
182,
151,
215,
182,
151,
215,
182,
151,
213,
180,
149,
210,
176,
148,
199,
170,
140,
22,
11,
7,
23,
12,
6,
25,
14,
8,
29,
16,
8,
31,
18,
12,
36,
21,
14,
40,
26,
17,
18,
9,
2,
37,
22,
19,
135,
77,
53,
189,
123,
88,
199,
137,
100,
191,
127,
92,
200,
136,
98,
192,
124,
89,
162,
92,
67,
53,
34,
27,
59,
39,
28,
98,
61,
45,
115,
72,
53,
98,
62,
46,
255,
245,
225,
161,
115,
89,
185,
149,
113,
204,
171,
140,
213,
180,
149,
215,
182,
151,
215,
182,
151,
215,
182,
151,
215,
182,
151,
211,
178,
147,
202,
173,
143,
20,
11,
6,
23,
12,
6,
25,
14,
8,
28,
15,
9,
30,
17,
11,
36,
23,
15,
39,
24,
17,
26,
15,
9,
31,
14,
7,
116,
61,
41,
182,
114,
79,
199,
137,
100,
199,
135,
100,
204,
138,
103,
188,
120,
85,
159,
89,
63,
53,
33,
26,
54,
34,
25,
82,
48,
36,
95,
58,
42,
81,
49,
36,
255,
243,
227,
129,
82,
64,
183,
142,
112,
197,
161,
129,
210,
177,
146,
215,
182,
151,
215,
182,
151,
215,
182,
151,
215,
182,
151,
213,
180,
149,
206,
175,
146,
19,
9,
7,
22,
11,
7,
25,
14,
10,
26,
15,
9,
28,
17,
13,
33,
20,
12,
38,
23,
16,
38,
23,
16,
63,
41,
30,
100,
51,
36,
169,
100,
67,
193,
130,
95,
200,
136,
101,
185,
117,
82,
189,
118,
86,
182,
109,
77,
59,
36,
28,
53,
33,
26,
78,
46,
35,
80,
51,
37,
99,
71,
59,
252,
233,
216,
163,
119,
94,
176,
135,
103,
192,
153,
122,
204,
169,
139,
213,
180,
149,
215,
182,
151,
215,
182,
151,
215,
182,
151,
213,
180,
149,
209,
176,
145,
18,
8,
6,
19,
10,
5,
21,
11,
9,
24,
13,
9,
27,
16,
12,
31,
20,
14,
38,
23,
16,
41,
26,
19,
42,
29,
20,
99,
53,
38,
160,
95,
63,
186,
122,
87,
185,
119,
85,
188,
120,
85,
176,
105,
73,
128,
67,
46,
47,
29,
19,
65,
41,
31,
86,
53,
38,
77,
47,
37,
114,
85,
69,
195,
162,
131,
156,
112,
83,
170,
127,
95,
185,
144,
112,
192,
157,
125,
206,
173,
142,
214,
181,
150,
215,
182,
151,
215,
182,
151,
212,
179,
148,
209,
175,
147,
15,
7,
5,
16,
8,
5,
18,
10,
7,
21,
12,
7,
26,
15,
11,
32,
19,
13,
37,
22,
15,
41,
26,
19,
41,
28,
19,
85,
48,
39,
161,
96,
66,
177,
111,
76,
174,
108,
74,
173,
108,
76,
166,
105,
74,
138,
86,
64,
113,
68,
47,
78,
49,
35,
63,
41,
30,
74,
46,
34,
74,
47,
28,
127,
81,
55,
143,
102,
74,
156,
115,
83,
172,
131,
99,
186,
147,
114,
199,
164,
132,
209,
176,
145,
212,
179,
148,
211,
178,
147,
209,
176,
145,
204,
170,
143,
11,
6,
3,
15,
7,
5,
17,
9,
6,
20,
11,
6,
26,
12,
9,
31,
18,
12,
35,
20,
15,
38,
23,
18,
39,
24,
17,
47,
24,
16,
142,
82,
56,
177,
113,
78,
155,
91,
66,
130,
63,
37,
140,
68,
46,
116,
57,
41,
62,
28,
18,
56,
29,
20,
62,
42,
31,
89,
57,
44,
76,
50,
33,
122,
81,
59,
132,
92,
66,
142,
103,
72,
160,
116,
87,
173,
132,
100,
188,
147,
115,
196,
159,
130,
202,
167,
137,
202,
169,
138,
198,
164,
136,
191,
157,
130,
10,
4,
4,
14,
6,
4,
16,
8,
5,
19,
10,
5,
21,
12,
7,
26,
15,
11,
32,
19,
13,
34,
21,
15,
37,
22,
15,
38,
25,
19,
111,
62,
45,
160,
97,
64,
164,
99,
67,
177,
107,
73,
156,
91,
63,
131,
73,
53,
108,
62,
46,
60,
36,
24,
46,
28,
16,
80,
47,
32,
81,
49,
34,
107,
75,
54,
118,
82,
58,
128,
91,
64,
142,
103,
72,
156,
115,
85,
168,
129,
96,
175,
139,
107,
179,
144,
116,
183,
149,
121,
181,
147,
120,
172,
141,
113,
10,
4,
4,
13,
5,
3,
15,
7,
5,
17,
9,
6,
18,
10,
7,
24,
13,
9,
27,
16,
12,
31,
18,
12,
33,
20,
12,
34,
19,
14,
85,
45,
33,
141,
75,
49,
167,
101,
69,
164,
101,
68,
170,
107,
72,
167,
102,
72,
127,
71,
48,
88,
52,
38,
58,
34,
24,
45,
28,
20,
103,
70,
53,
108,
77,
59,
105,
73,
52,
111,
77,
52,
123,
86,
60,
135,
95,
69,
142,
103,
74,
148,
112,
80,
154,
119,
91,
159,
125,
98,
160,
126,
99,
156,
125,
97,
8,
4,
3,
11,
6,
3,
14,
6,
4,
15,
7,
5,
17,
9,
6,
20,
10,
8,
24,
13,
9,
27,
16,
12,
26,
15,
9,
25,
14,
10,
83,
51,
40,
120,
69,
50,
139,
79,
51,
169,
102,
73,
174,
111,
80,
155,
89,
65,
124,
67,
47,
76,
44,
31,
43,
23,
14,
44,
27,
17,
62,
35,
26,
156,
131,
111,
96,
66,
42,
96,
64,
43,
101,
69,
48,
110,
76,
51,
116,
80,
54,
124,
87,
61,
129,
92,
66,
134,
98,
72,
136,
101,
79,
135,
103,
80,
6,
4,
5,
10,
4,
4,
11,
5,
5,
13,
4,
5,
16,
8,
6,
18,
10,
7,
20,
12,
9,
19,
11,
8,
16,
8,
5,
20,
11,
4,
80,
37,
30,
105,
62,
43,
111,
61,
38,
139,
81,
57,
127,
72,
51,
108,
62,
46,
88,
52,
36,
65,
38,
27,
42,
24,
14,
54,
34,
25,
38,
24,
13,
164,
118,
102,
151,
108,
76,
81,
58,
42,
84,
55,
37,
87,
57,
33,
92,
61,
41,
101,
66,
44,
104,
70,
45,
109,
73,
49,
113,
78,
56,
110,
78,
55,
7,
5,
6,
5,
3,
4,
5,
3,
4,
6,
4,
5,
6,
5,
3,
10,
6,
3,
8,
4,
3,
15,
6,
7,
16,
8,
5,
21,
12,
3,
84,
42,
30,
134,
65,
49,
136,
78,
56,
132,
76,
51,
112,
64,
44,
95,
53,
37,
64,
36,
25,
52,
28,
18,
43,
23,
14,
34,
17,
9,
40,
19,
14,
51,
24,
13,
46,
26,
17,
66,
43,
29,
44,
30,
21,
40,
22,
10,
107,
79,
58,
77,
44,
25,
83,
51,
30,
89,
56,
37,
89,
57,
34,
85,
54,
33,
7,
3,
4,
4,
2,
3,
3,
1,
2,
4,
2,
3,
5,
5,
5,
6,
4,
5,
9,
5,
4,
14,
6,
4,
16,
8,
6,
18,
9,
4,
66,
33,
26,
133,
61,
46,
163,
85,
63,
150,
84,
62,
130,
74,
51,
136,
80,
57,
109,
62,
42,
65,
35,
24,
42,
19,
13,
40,
20,
13,
32,
15,
7,
24,
11,
5,
26,
13,
5,
62,
42,
31,
29,
16,
8,
34,
19,
14,
21,
7,
4,
23,
12,
6,
51,
25,
12,
75,
44,
24,
73,
42,
21,
67,
38,
20,
4,
2,
3,
4,
2,
3,
4,
2,
3,
4,
2,
3,
6,
4,
7,
6,
5,
3,
9,
5,
4,
9,
5,
4,
11,
7,
4,
16,
8,
5,
17,
2,
0,
126,
58,
39,
153,
78,
57,
172,
95,
67,
150,
78,
56,
121,
65,
48,
95,
47,
33,
128,
75,
61,
59,
25,
15,
40,
17,
11,
27,
12,
7,
21,
9,
9,
18,
9,
4,
23,
12,
6,
37,
18,
12,
19,
8,
4,
22,
8,
5,
20,
9,
5,
13,
1,
1,
13,
5,
3,
18,
4,
1,
47,
24,
10,
4,
2,
3,
4,
2,
3,
4,
2,
3,
5,
3,
4,
5,
3,
4,
6,
4,
5,
4,
2,
3,
7,
6,
4,
10,
6,
3,
14,
6,
3,
15,
6,
7,
117,
55,
42,
138,
67,
49,
156,
85,
63,
166,
91,
68,
47,
18,
12,
90,
38,
14,
81,
34,
18,
57,
22,
18,
23,
10,
4,
21,
7,
6,
22,
7,
2,
16,
5,
3,
15,
5,
6,
11,
6,
3,
12,
4,
2,
11,
5,
5,
10,
5,
2,
8,
3,
0,
8,
4,
1,
6,
2,
1,
7,
3,
2,
4,
2,
3,
4,
2,
3,
4,
2,
3,
4,
2,
3,
5,
3,
4,
5,
3,
4,
6,
5,
1,
6,
5,
3,
10,
6,
5,
13,
5,
3,
16,
6,
7,
60,
19,
13,
125,
57,
44,
137,
71,
45,
53,
13,
5,
126,
74,
50,
68,
25,
9,
29,
9,
2,
35,
12,
4,
19,
5,
4,
27,
7,
6,
23,
5,
3,
12,
3,
4,
9,
3,
3,
8,
4,
3,
25,
17,
15,
8,
4,
3,
6,
2,
1,
6,
2,
1,
5,
1,
0,
5,
1,
0,
4,
0,
0,
4,
2,
3,
4,
2,
3,
3,
1,
2,
4,
2,
3,
5,
3,
4,
5,
3,
4,
6,
5,
3,
6,
4,
5,
8,
4,
3,
9,
5,
2,
13,
4,
5,
37,
13,
11,
104,
42,
31,
124,
68,
55,
39,
11,
8,
51,
19,
8,
23,
9,
6,
13,
3,
1,
59,
35,
33,
21,
5,
5,
19,
5,
4,
39,
12,
5,
9,
3,
3,
6,
2,
1,
5,
1,
0,
6,
2,
1,
6,
2,
1,
4,
3,
1,
4,
3,
1,
3,
2,
0,
3,
1,
2,
2,
0,
1,
3,
1,
2,
4,
2,
3,
4,
2,
3,
4,
2,
3,
4,
2,
3,
5,
3,
4,
5,
3,
4,
6,
4,
5,
4,
3,
1,
8,
4,
3,
9,
3,
3,
14,
4,
3,
96,
43,
29,
26,
5,
2,
87,
35,
24,
132,
89,
57,
12,
4,
1,
12,
2,
1,
47,
12,
6,
25,
1,
0,
14,
5,
6,
51,
12,
5,
9,
0,
1,
4,
3,
1,
7,
3,
2,
4,
3,
1,
3,
2,
0,
2,
1,
0,
3,
2,
0,
3,
2,
0,
2,
0,
1,
1,
0,
0,
1,
1,
1,
3,
1,
2,
4,
2,
3,
4,
2,
3,
4,
2,
3,
4,
2,
3,
4,
2,
3,
3,
1,
2,
5,
4,
2,
5,
4,
2,
7,
3,
0,
9,
3,
3,
44,
16,
13,
56,
14,
2,
55,
18,
12,
108,
64,
37,
3,
1,
2,
11,
2,
3,
46,
13,
6,
35,
4,
1,
18,
3,
0,
46,
8,
5,
9,
0,
1,
3,
2,
0,
2,
0,
1,
3,
2,
0,
2,
1,
0,
3,
2,
0,
2,
0,
1,
1,
0,
0,
2,
0,
1,
2,
0,
1
