182,
181,
98,
182,
180,
97,
162,
154,
73,
182,
180,
97,
182,
180,
97,
182,
180,
97,
182,
180,
97,
160,
153,
72,
161,
154,
73,
182,
180,
97,
147,
139,
56,
182,
180,
97,
186,
181,
99,
163,
156,
75,
182,
180,
97,
182,
180,
97,
182,
180,
97,
182,
180,
97,
160,
153,
72,
184,
179,
97,
182,
180,
97,
146,
140,
56,
182,
180,
97,
162,
155,
74,
161,
154,
73,
182,
180,
97,
182,
180,
97,
182,
180,
97,
182,
180,
97,
161,
155,
71,
182,
180,
97,
180,
178,
93,
150,
142,
59,
182,
180,
97,
160,
153,
72,
182,
180,
97,
182,
180,
97,
182,
180,
97,
182,
180,
97,
160,
153,
72,
161,
154,
73,
182,
177,
95,
150,
142,
59,
150,
142,
59,
186,
181,
99,
162,
155,
74,
182,
180,
97,
182,
180,
97,
182,
180,
97,
182,
180,
97,
161,
154,
73,
184,
179,
97,
150,
142,
59,
150,
142,
59,
188,
183,
101,
162,
155,
74,
161,
154,
73,
182,
180,
97,
182,
180,
97,
182,
180,
97,
182,
180,
97,
163,
157,
73,
181,
179,
96,
150,
142,
59,
150,
142,
59,
150,
142,
59,
161,
154,
73,
182,
180,
97,
182,
180,
97,
182,
180,
97,
182,
180,
97,
160,
153,
72,
161,
154,
73,
150,
142,
59,
150,
142,
59,
150,
142,
59,
187,
182,
100,
160,
155,
73,
182,
180,
97,
182,
180,
97,
182,
180,
97,
182,
180,
97,
159,
154,
72,
184,
179,
97,
150,
142,
59,
150,
142,
59,
150,
142,
59,
162,
155,
74,
161,
154,
73,
182,
180,
97,
182,
180,
97,
182,
180,
97,
182,
180,
97,
157,
155,
72,
150,
142,
59,
150,
142,
59,
184,
179,
97,
150,
142,
59,
161,
154,
73,
182,
180,
97,
182,
180,
97,
182,
180,
97,
182,
180,
97,
160,
153,
72,
161,
154,
73,
150,
142,
59,
182,
180,
97,
148,
140,
59,
187,
182,
100,
161,
154,
73,
182,
180,
97,
182,
180,
97,
182,
180,
97,
182,
180,
97,
161,
154,
73,
184,
179,
97,
150,
144,
60,
182,
180,
97,
150,
142,
59,
162,
155,
74,
161,
154,
73,
182,
180,
97,
182,
180,
97,
182,
180,
97,
182,
180,
97,
161,
154,
73,
150,
142,
59,
183,
181,
98,
155,
147,
64,
178,
176,
93,
161,
154,
73,
182,
180,
97,
182,
180,
97,
182,
180,
97,
182,
180,
97,
160,
153,
72,
161,
154,
73,
182,
180,
97,
150,
142,
59,
186,
181,
99,
186,
181,
99,
161,
154,
73,
182,
180,
97,
182,
180,
97,
182,
180,
97,
182,
180,
97,
161,
154,
73,
183,
178,
96,
182,
180,
95,
150,
142,
59,
182,
179,
98,
162,
155,
74,
161,
154,
73,
182,
180,
97,
182,
180,
97,
182,
180,
97,
182,
180,
97,
161,
154,
73,
177,
175,
92,
149,
141,
58,
181,
179,
96,
148,
141,
60,
159,
152,
71,
182,
180,
97,
182,
180,
97,
182,
180,
97,
182,
180,
97,
160,
153,
72,
161,
154,
73,
150,
142,
61,
182,
180,
97,
148,
141,
60,
185,
180,
98,
163,
156,
75,
182,
180,
97,
182,
180,
97,
182,
180,
97,
182,
180,
97,
162,
155,
74,
187,
182,
100,
150,
144,
60,
182,
180,
97,
150,
142,
59,
162,
155,
74,
161,
154,
73,
182,
180,
97,
182,
180,
97,
182,
180,
97,
182,
180,
97,
160,
153,
72,
146,
139,
58,
182,
180,
97,
182,
180,
97,
181,
179,
96,
162,
154,
73,
182,
180,
97,
182,
180,
97,
182,
180,
97,
182,
180,
97,
160,
153,
72,
161,
154,
73,
182,
180,
97,
182,
180,
97,
182,
180,
97,
189,
184,
102,
163,
156,
75,
182,
180,
97,
182,
180,
97,
182,
180,
97,
182,
180,
97,
163,
152,
72,
181,
176,
94,
182,
180,
97,
182,
180,
97,
182,
180,
97,
162,
155,
74,
160,
155,
73,
182,
180,
97,
182,
180,
97,
182,
180,
97,
182,
180,
97,
161,
153,
70,
184,
182,
99,
182,
180,
97,
182,
180,
97,
182,
180,
97,
161,
154,
73,
182,
180,
97,
182,
180,
97,
182,
180,
97,
182,
180,
97,
160,
153,
72,
161,
154,
73,
182,
180,
97,
182,
180,
97,
182,
180,
97,
186,
181,
99,
161,
154,
73,
182,
180,
97,
182,
180,
97,
182,
180,
97,
182,
180,
97,
159,
154,
72,
184,
179,
97,
182,
180,
97,
182,
180,
97,
182,
180,
97,
163,
155,
74,
161,
154,
73,
182,
180,
97,
182,
180,
97,
182,
180,
97,
182,
180,
97,
157,
155,
72,
182,
180,
97,
182,
180,
97,
182,
180,
97,
182,
180,
97,
161,
154,
73,
182,
180,
97,
187,
185,
102,
150,
142,
59,
182,
180,
97,
160,
153,
72,
161,
154,
73,
182,
180,
97,
182,
180,
97,
182,
180,
97,
186,
181,
99,
161,
154,
73,
182,
180,
97,
154,
146,
63,
152,
147,
63,
182,
180,
97,
161,
154,
73,
184,
179,
97,
182,
180,
97,
182,
180,
97,
182,
180,
97,
162,
155,
74,
161,
154,
73,
182,
180,
97,
152,
141,
59,
181,
179,
94,
182,
180,
97,
161,
154,
73,
182,
180,
97,
182,
180,
97,
182,
180,
97,
182,
180,
97,
161,
154,
73,
182,
180,
97,
150,
142,
59,
150,
142,
59,
150,
142,
59,
161,
153,
72,
161,
154,
73,
182,
180,
97,
182,
180,
97,
182,
180,
97,
186,
181,
99,
161,
154,
73,
187,
182,
98,
150,
142,
59,
150,
142,
59,
187,
182,
100,
161,
154,
73,
184,
179,
97,
182,
180,
97,
182,
180,
97,
182,
180,
97,
162,
155,
74,
161,
154,
73,
149,
143,
59,
150,
142,
59,
150,
142,
59,
184,
179,
97,
161,
154,
73,
182,
180,
97,
182,
180,
97,
182,
180,
97,
182,
180,
97,
161,
153,
72,
183,
181,
98,
150,
142,
59,
151,
145,
61,
150,
142,
59,
160,
153,
72,
161,
154,
73,
182,
180,
97,
182,
180,
97,
182,
180,
97,
186,
181,
99,
161,
154,
73,
149,
143,
59,
150,
142,
59,
150,
142,
59,
150,
143,
62,
160,
153,
72,
184,
179,
97,
182,
180,
97,
182,
180,
97,
182,
180,
97,
162,
155,
74,
161,
154,
74,
150,
142,
59,
147,
141,
57,
150,
142,
59,
180,
179,
96,
162,
156,
72,
182,
180,
97,
182,
180,
97,
182,
180,
97,
182,
180,
97,
162,
154,
73,
183,
181,
98,
184,
179,
97,
180,
178,
95,
152,
144,
61,
160,
153,
72,
161,
154,
73,
182,
180,
97,
182,
180,
97,
182,
180,
97,
186,
181,
99,
163,
156,
75,
149,
143,
59,
182,
180,
97,
181,
180,
97,
151,
143,
62,
160,
153,
72,
184,
179,
97,
182,
180,
97,
182,
180,
97,
182,
180,
97,
162,
155,
74,
161,
154,
73,
150,
144,
60,
185,
180,
98,
187,
182,
98,
180,
179,
96,
160,
154,
70,
182,
180,
97,
182,
180,
97,
182,
180,
97,
182,
180,
97,
161,
154,
73,
182,
180,
97,
150,
142,
59,
150,
144,
60,
180,
179,
96,
160,
153,
72,
161,
154,
73,
182,
180,
97,
182,
180,
97,
182,
180,
97,
186,
181,
99,
161,
154,
73,
182,
180,
97,
149,
141,
58,
149,
143,
59,
182,
180,
97,
159,
154,
72,
184,
179,
97,
182,
180,
97,
182,
180,
97,
182,
180,
97,
163,
155,
74,
161,
154,
73,
185,
183,
98,
145,
139,
55,
149,
141,
58,
184,
179,
97,
157,
155,
72,
182,
180,
97,
182,
180,
97,
182,
180,
97,
182,
180,
97,
161,
154,
73,
183,
181,
98,
184,
179,
97,
182,
180,
97,
150,
144,
60,
160,
153,
72,
161,
154,
73,
182,
180,
97,
182,
180,
97,
182,
180,
97,
186,
181,
99,
161,
154,
73,
148,
142,
58,
182,
180,
97,
182,
180,
97,
151,
143,
62,
160,
155,
73,
184,
179,
97,
182,
180,
97,
182,
180,
97,
182,
180,
97,
162,
155,
74,
161,
154,
73,
148,
142,
58,
182,
180,
97,
182,
180,
97,
183,
178,
96,
160,
155,
73,
182,
180,
97,
182,
180,
97,
182,
180,
97,
182,
180,
97,
161,
154,
73,
182,
180,
97,
182,
180,
97,
182,
180,
97,
182,
180,
97,
160,
153,
72,
161,
154,
73,
182,
180,
97,
182,
180,
97,
182,
180,
97,
186,
181,
99,
161,
154,
73,
182,
180,
97,
182,
180,
97,
182,
180,
97,
182,
180,
97,
161,
154,
73,
184,
179,
97,
182,
180,
97,
182,
180,
97,
182,
180,
97,
162,
155,
74,
161,
154,
73,
182,
180,
97,
182,
180,
97,
182,
180,
97,
182,
180,
97,
161,
154,
73,
182,
180,
97,
182,
180,
97,
182,
180,
97,
182,
180,
97,
161,
154,
73,
182,
180,
97,
182,
180,
97,
182,
180,
97,
182,
180,
97,
160,
153,
72,
161,
154,
73,
182,
180,
97,
182,
180,
97,
182,
180,
97,
186,
181,
99,
161,
154,
73,
182,
180,
97,
182,
180,
97,
182,
180,
97,
182,
180,
97,
161,
154,
73,
184,
179,
97,
182,
180,
97,
181,
179,
96,
182,
180,
97,
162,
155,
74,
161,
154,
73,
182,
180,
97,
182,
180,
97,
182,
180,
97,
182,
180,
97,
161,
154,
73,
182,
180,
97,
182,
180,
97,
152,
144,
63,
182,
180,
97,
162,
154,
73,
182,
180,
97,
182,
180,
97,
182,
180,
97,
182,
180,
97,
160,
153,
72,
161,
154,
73,
182,
180,
97,
150,
142,
59,
181,
179,
96,
186,
181,
99,
163,
156,
75,
182,
180,
97,
182,
180,
97,
182,
180,
97,
182,
180,
97,
160,
154,
70,
184,
179,
97,
179,
177,
94,
150,
142,
59,
182,
180,
97,
162,
155,
74,
161,
154,
73,
182,
180,
97,
182,
180,
97,
182,
180,
97,
182,
180,
97,
161,
155,
71,
182,
180,
97,
145,
139,
55,
150,
142,
59,
144,
139,
55,
159,
152,
71,
182,
180,
97,
182,
180,
97,
182,
180,
97,
182,
180,
97,
160,
153,
72,
161,
154,
73,
150,
142,
59,
150,
142,
59,
150,
142,
59,
186,
181,
99,
161,
154,
73,
182,
180,
97,
182,
180,
97,
182,
180,
97,
182,
180,
97,
160,
153,
72,
184,
179,
97,
150,
142,
59,
150,
142,
59,
150,
142,
59,
163,
155,
74,
161,
154,
73,
182,
180,
97,
182,
180,
97,
182,
180,
97,
182,
180,
97,
158,
153,
71,
149,
143,
59,
150,
142,
59,
152,
141,
59,
150,
142,
59,
161,
154,
73,
182,
180,
97,
182,
180,
97,
182,
180,
97,
182,
180,
97,
160,
153,
72,
161,
154,
73,
150,
142,
59,
188,
183,
99,
150,
142,
59,
187,
182,
100,
161,
154,
73,
182,
180,
97,
182,
180,
97,
182,
180,
97,
182,
180,
97,
160,
153,
72,
184,
179,
97,
150,
142,
59,
188,
183,
99,
150,
142,
59,
163,
155,
74,
161,
154,
73,
182,
180,
97,
182,
180,
97,
182,
180,
97,
182,
180,
97,
159,
154,
72,
150,
142,
59,
150,
142,
59,
182,
180,
97,
150,
142,
59,
161,
154,
73,
182,
180,
97,
182,
180,
97,
182,
180,
97,
182,
180,
97,
160,
153,
72,
161,
154,
73,
157,
151,
67,
147,
141,
57,
183,
181,
98,
187,
182,
100,
161,
154,
73,
182,
180,
97,
182,
180,
97,
182,
180,
97,
182,
180,
97,
161,
154,
73,
184,
179,
97,
182,
180,
97,
152,
146,
62,
150,
143,
62,
162,
155,
74,
161,
154,
73,
182,
180,
97,
182,
180,
97,
182,
180,
97,
182,
180,
97,
161,
154,
73,
152,
141,
59,
182,
180,
97,
150,
142,
59,
182,
180,
97,
161,
154,
73,
182,
180,
97,
182,
180,
97,
182,
180,
97,
182,
180,
97,
160,
153,
72,
161,
154,
73,
168,
163,
81,
181,
179,
96,
149,
141,
58,
186,
181,
99,
161,
154,
73,
182,
180,
97,
182,
180,
97,
182,
180,
97,
182,
180,
97,
161,
154,
73,
184,
179,
97,
150,
142,
59,
184,
179,
97,
168,
163,
81,
162,
155,
74,
161,
154,
73,
182,
180,
97,
182,
180,
97,
182,
180,
97,
182,
180,
97,
161,
154,
73,
182,
180,
97,
151,
143,
60,
182,
180,
97,
149,
143,
59,
161,
153,
72,
182,
180,
97,
182,
180,
97,
182,
180,
97,
182,
180,
97,
160,
153,
72,
161,
154,
73,
162,
155,
74,
182,
180,
97,
182,
180,
97,
187,
182,
100,
163,
156,
75,
182,
180,
97,
182,
180,
97,
182,
180,
97,
182,
180,
97,
160,
153,
72,
182,
180,
97,
182,
180,
97,
182,
180,
97,
158,
153,
71,
162,
155,
74,
161,
154,
73,
182,
180,
97,
182,
180,
97,
182,
180,
97,
182,
180,
97,
159,
153,
69,
152,
141,
61,
182,
180,
97,
182,
180,
97,
182,
180,
97,
162,
154,
73,
182,
180,
97,
182,
180,
97,
182,
180,
97,
182,
180,
97,
160,
153,
72,
161,
154,
73,
182,
180,
97,
182,
180,
97,
182,
180,
97,
186,
181,
99,
163,
156,
75,
182,
180,
97,
182,
180,
97,
182,
180,
97,
182,
180,
97,
161,
154,
73,
184,
179,
97,
182,
180,
97,
182,
180,
97,
182,
180,
97,
162,
155,
74,
161,
154,
73,
182,
180,
97,
182,
180,
97,
182,
180,
97,
182,
180,
97,
161,
155,
71,
182,
180,
97,
182,
180,
97,
182,
180,
97,
182,
180,
97,
161,
154,
73,
182,
180,
97,
182,
180,
97,
182,
180,
97,
182,
180,
97,
160,
153,
72,
161,
154,
73,
182,
180,
97,
182,
180,
97,
182,
180,
97,
186,
181,
99,
161,
154,
73,
182,
180,
97,
182,
180,
97,
182,
180,
97,
182,
180,
97,
159,
154,
72,
184,
179,
97,
182,
180,
97,
182,
180,
97,
182,
180,
97,
163,
155,
74,
161,
154,
73,
182,
180,
97,
182,
180,
97,
182,
180,
97,
182,
180,
97,
159,
154,
72,
182,
180,
97,
182,
180,
97,
182,
180,
97,
182,
180,
97,
161,
154,
73,
182,
180,
97,
182,
180,
97,
149,
143,
59,
182,
180,
97,
160,
153,
72,
161,
154,
73,
182,
180,
97,
182,
180,
97,
182,
180,
97,
186,
181,
99,
161,
154,
73,
182,
180,
97,
149,
141,
60,
147,
139,
58,
182,
180,
97,
161,
154,
73,
184,
179,
97,
182,
180,
97,
182,
180,
97,
182,
180,
97,
162,
155,
74,
161,
154,
73,
182,
180,
97,
150,
142,
59,
179,
177,
94,
182,
180,
97,
161,
154,
73,
182,
180,
97,
182,
180,
97,
182,
180,
97,
182,
180,
97,
161,
154,
73,
183,
181,
98,
150,
142,
59,
150,
142,
59,
152,
144,
61,
160,
153,
73,
161,
154,
73,
182,
180,
97,
182,
180,
97,
182,
180,
97,
186,
181,
99,
161,
154,
73,
151,
146,
62,
150,
142,
59,
150,
142,
59,
146,
139,
58,
161,
154,
73,
184,
179,
97,
182,
180,
97,
182,
180,
97,
182,
180,
97,
162,
155,
74,
161,
154,
73,
151,
143,
60,
150,
142,
59,
150,
142,
59,
184,
179,
97,
161,
154,
73,
182,
180,
97,
182,
180,
97,
182,
180,
97,
182,
180,
97,
160,
153,
72,
183,
181,
98,
150,
142,
59,
190,
184,
100,
150,
142,
59,
160,
153,
72,
161,
154,
73,
182,
180,
97,
182,
180,
97,
182,
180,
97,
186,
181,
99,
159,
152,
71,
149,
143,
59,
150,
142,
59,
150,
142,
59,
150,
143,
62,
160,
153,
72,
184,
179,
97,
182,
180,
97,
182,
180,
97,
182,
180,
97,
162,
155,
74,
161,
154,
73,
150,
142,
59,
189,
184,
100,
150,
142,
59,
180,
179,
96,
160,
153,
72,
182,
180,
97,
182,
180,
97,
182,
180,
97,
182,
180,
97,
162,
154,
73,
182,
181,
98,
184,
179,
97,
144,
138,
54,
149,
141,
58,
160,
153,
72,
161,
154,
73,
182,
180,
97,
182,
180,
97,
182,
180,
97,
186,
181,
99,
163,
156,
75,
149,
143,
57,
182,
180,
97,
182,
180,
97,
151,
143,
60,
161,
153,
72,
184,
179,
97,
182,
180,
97,
182,
180,
97,
182,
180,
97,
162,
155,
74,
161,
154,
73,
141,
135,
51,
149,
142,
61,
182,
180,
97,
183,
178,
96,
161,
155,
71,
182,
180,
97,
182,
180,
97,
182,
180,
97,
182,
180,
97,
161,
154,
73,
182,
180,
97,
152,
141,
59,
184,
179,
97,
187,
182,
100,
160,
153,
72,
161,
154,
73,
182,
180,
97,
182,
180,
97,
182,
180,
97,
186,
181,
99,
161,
154,
73,
182,
180,
97,
150,
142,
59,
150,
142,
59,
182,
180,
97,
159,
154,
72,
184,
179,
97,
182,
180,
97,
182,
180,
97,
182,
180,
97,
163,
155,
74,
161,
154,
73,
183,
181,
98,
188,
183,
99,
153,
142,
60,
182,
180,
97,
157,
155,
72,
182,
180,
97,
182,
180,
97,
182,
180,
97,
182,
180,
97,
161,
154,
73,
182,
181,
98,
182,
180,
97,
182,
180,
97,
150,
144,
60,
160,
153,
72,
161,
154,
73,
182,
180,
97,
182,
180,
97,
182,
180,
97,
186,
181,
99,
161,
154,
73,
148,
144,
57,
182,
180,
97,
182,
180,
97,
151,
143,
62,
161,
154,
73,
184,
179,
97,
182,
180,
97,
182,
180,
97,
182,
180,
97,
162,
155,
74,
161,
154,
73,
158,
152,
68,
182,
180,
97,
182,
180,
97,
180,
179,
96,
161,
154,
73,
182,
180,
97,
182,
180,
97,
182,
180,
97,
182,
180,
97,
161,
154,
73,
182,
180,
97,
182,
180,
97,
182,
180,
97,
182,
180,
97,
160,
153,
72,
161,
154,
73,
182,
180,
97,
182,
180,
97,
182,
180,
97,
186,
181,
99,
161,
154,
73,
182,
180,
97,
182,
180,
97,
182,
180,
97,
182,
180,
97,
161,
154,
73,
184,
179,
97,
182,
180,
97,
182,
180,
97,
182,
180,
97,
162,
155,
74,
161,
154,
73,
182,
180,
97,
182,
180,
97,
182,
180,
97,
182,
180,
97,
161,
154,
73,
182,
180,
97,
182,
180,
97,
184,
179,
98,
182,
179,
98,
162,
153,
74,
184,
179,
98,
184,
179,
98,
184,
179,
98,
184,
179,
98,
161,
152,
73,
162,
153,
74,
184,
179,
98,
184,
179,
98,
184,
179,
98,
187,
180,
100,
162,
153,
74,
184,
179,
98,
184,
179,
98,
184,
179,
98,
184,
179,
98,
162,
153,
74,
185,
178,
98,
184,
179,
98,
184,
179,
98,
184,
179,
98,
163,
154,
75,
162,
153,
74,
184,
179,
98,
184,
179,
98,
184,
179,
98,
184,
179,
98,
162,
153,
74,
184,
179,
98,
184,
179,
98
